0.17826369373532727
0.3323020722252064
0.5204132921731432
0.686329067957353
0.8576026773673353
1.0181722326476428
2.091629211222345
2.3995957771217244
2.5246003347556374
2.644085526052582
2.7354510460204557
3.76606078373824
4.021136981328575
4.087383869184958
4.275430542501971
4.453017219065248
5.411993453911697
5.584923661489249
5.754909683065216
5.911134453029318
7.055357638773234
7.178494150385629
7.3094705548565875
7.3995163757907365
7.5541013103368995
7.983584486152132
8.713631477332127
8.85460453031901
8.994148481687558
9.02051301067057
9.205139099915149
9.838418317437034
10.393226323314217
10.526481970178093
10.620716143686689
10.660702743624206
10.738560218177925
10.861382756357552
12.031027640154042
12.199427520314792
12.199508792831601
12.326184813820767
12.358198766488048
12.52688051234603
13.758051131406733
13.796509976504252
13.918702125011162
13.97042440400865
14.200082121851946
14.671870475830616
15.293411511127196
15.514836801233347
15.574801662178173
15.88795521200928
16.037051311808494
16.80450637901125
17.094348049132453
17.172100302392995
17.287632712465705
17.588765078164133
18.2984741625891
18.567501598326444
18.629907291614945
18.76260061897179
18.83541538741896
19.07255829590413
19.308237152657963
19.75910856052907
19.88517477498154
20.16356541964857
20.344311919851304
20.48715959902915
20.902868652906992
21.05188967125625
21.199780594947317
21.63005828058663
21.722299901575493
21.920581585603664
22.132497599332485
22.61066591212009
22.764806941832656
22.826426865077817
23.111764249297057
23.488570348637303
23.564710176538803
23.780473674836117
23.99932980764641
24.5533546111866
24.55474836540964
24.663994963095796
25.050635445670327
25.365852872843828
25.42119469003373
25.986642148406165
26.45557372990093
26.584931497536328
26.605741947067877
26.71536269177782
27.067192426274744
27.262942575539167
27.39811279345046
27.424565861376674
28.048148261120836
28.1557943230715
28.306961283027334
28.536804903336193
28.709466496036338
28.83475195613082
29.366791612501057
29.650597037417533
29.701491351276463
29.91259423850916
30.17868404864066
30.26315336826065
30.357152410975715
30.48400963206244
30.651239584818143
30.67697716026948
31.243641698295104
31.688307727728905
32.00658432008586
32.06326741860759
32.44156685827676
32.56215020024178
32.782870998349374
33.12186048612698
33.27795660252441
33.660350581452455
33.951262740027126
34.17256724685309
34.32097078833535
34.381318467213056
34.570482552549954
34.57303591986491
35.263356486913466
35.31896639557416
35.92575769562804
36.03464940703054
36.30019643728717
36.98278054964329
37.164476960524716
37.39468283904863
37.5168502388582
37.731946311860604
37.73515301438761
38.05652169497551
38.18838212224513
38.45992897736857
38.652925446703414
38.93168901378882
39.035065859033516
39.60735068816797
39.7644229854897
40.03842603237482
40.3285706611334
40.4681218451142
40.5727352361582
40.971003420951476
41.06420142014401
41.35677992349864
41.47584213447188
41.853768661515254
42.005300096175304
42.010677102527126
42.15395841228259
42.38261511272489
43.3255251543542
43.54226439170679
43.61370098640857
43.6951333967136
43.78006256166356
44.028547438333035
44.65407699505614
45.02431100627619
45.054563692518386
45.1552766960718
45.440022614241556
46.356780461848146
46.61707203894132
46.97219455898674
47.01301010518113
47.15184003106532
47.18480953660698
47.69767901563919
48.15555623048554
48.66249803774709
48.755196142917704
48.83541567257187
48.95861334588829
49.05380189270662
49.694239970101705
50.061770877623715
50.23694462705078
50.41840321878984
50.51607759937565
50.52177769875176
50.85669084478907
51.23642080427677
51.7951648706857
51.8146584016351
52.23176933517527
52.24662325917496
52.53210074359392
52.559999575369
52.78023089666858
52.78959953988047
53.24378851726345
53.30792608753651
53.90259951979803
53.953806188302714
54.3290950855379
54.7081709285208
54.77911620067546
55.51346350535885
55.67674630253439
55.83035858601003
55.88139318585123
56.2239661716334
56.23547179861103
56.727165933753774
57.05651324817088
57.0866336843165
57.40462918253087
57.434982627360505
57.61677322179771
57.78794122574741
58.34385167863637
58.44416527917719
58.6310921280503
58.757427919297186
58.96878252331527
58.98899380385923
59.13396196542511
59.357051296951
59.45516877939559
60.16140846040015
60.26431479909505
60.542578276397165
60.76237751170634
60.865332029124204
60.93196755620772
61.51964490327964
61.69773175664
61.91106161559004
62.10430281125248
62.26339009645713
62.49465599311593
62.597851128038144
62.718964763117434
62.72910878285049
62.97383445491087
63.2514660897024
63.410690533462684
63.644020118865484
63.86785933145312
64.03198983454375
64.32914825146933
64.64679909993379
64.78428046815169
64.83808783357512
64.9675697267815
65.19150817672951
65.5029211269359
65.94942801154367
66.05009018170787
66.34385433219178
66.50240670404249
66.73726438316173
66.93060204444492
67.002915844586
67.22264734370151
67.78251889196115
67.94166063786302
68.12556100486331
68.27418861019365
68.31350816302428
68.36758912418013
68.83321262212809
69.33336458925527
69.49866392400176
69.55947943445044
69.67957603004098
69.82796076135045
69.84371874053015
69.94491964396141
70.29151642577962
70.31488834371692
70.48197209925164
70.73707537640296
71.2011798966854
71.24519597584937
71.37775667990095
71.49581320533609
71.50635422721224
71.83619371407543
71.97139851122081
72.08592127778832
72.52174995057841
72.67282301427738
72.69602810995347
72.85220272978763
72.88400313774207
72.93594957485094
72.95719408405675
73.35371094545235
73.46771322247257
73.67017131047263
73.75669621455862
73.7919138715605
74.0111604791901
74.17063783509792
74.51155660261895
74.55090641751777
74.58262361818122
74.63703007661287
74.64919059201513
74.69213860963235
74.88516216397187
75.12983255681861
75.20091485358309
75.30373079134571
75.51592357868299
75.7139332259403
75.78195472644667
75.86356640089824
76.0441184852891
76.06112454817011
76.0763568254147
76.12589895934772
76.13942238811872
76.16501784748607
76.17108040428457
76.20993100383828
108.95272420278705
108.97423945503087
109.00322737921627
109.01247126073986
109.03781442321598
109.08061902524848
109.15758313976269
109.22449883179804
109.28087079167965
109.37607913543675
109.41467183495028
109.75677027791002
109.78132359229676
109.81899258532476
109.8920528291755
109.99045454093066
110.38810937858705
110.48576878419192
110.50124573521863
110.65154008201486
110.84224205679999
110.89370073201644
111.06227097262749
111.14400971407731
111.20575646325561
111.75808836528712
111.81940537756165
111.89514391106374
112.2568893637411
112.4059676101032
112.61916748322636
112.70248082669872
112.92802427953019
113.21602121823736
113.49334705025247
113.92607440603696
114.1637418693167
114.23965176133818
114.28873937789997
114.4029713006149
114.6430566795431
114.6900095775576
114.85863450445798
115.3739589226227
115.45851796313815
115.8167476041992
116.1573338603457
116.42873345916432
116.82775324549692
117.1008643764134
117.42522393434484
117.55539861286833
117.64534769763799
117.89835684046243
118.02392595871346
118.25406077132736
118.63658733052385
118.74151617689618
118.98986105507612
119.0570728873035
119.6926598400809
119.71278538317925
119.82344295619363
119.8691920065041
119.97563494561791
120.10929439159636
120.70503632726327
121.05535448588348
121.23842277300943
121.24985828480168
121.71277250128276
122.04362550092304
122.06758567313652
122.36633558160291
122.38432588658816
122.55099211286526
122.82836723780414
123.2368959522699
123.54035922542263
123.6571909703838
123.87245892629568
124.03713499715164
124.31381292871134
124.49436238668214
125.25673679527974
125.36521521986785
125.71729087075425
126.17982297847034
126.37564209217358
126.58662761800308
127.18114507502844
127.40779915397574
127.79341876018539
127.96742873030357
127.97324590145075
128.2062169789401
128.68100564772632
128.99104906807773
129.10963199453235
129.39956881743595
129.7723189791154
130.0189806304025
130.19559038010016
130.78785211731008
130.79758116865136
130.89060131139323
131.6460798325181
131.7167673216636
131.74219283045136
132.29123953436326
132.5380387723672
132.59590343422204
132.876419749363
133.44225922467297
133.55527601479955
133.79076118803854
134.26836859051983
134.39442486034
134.91705876908537
135.1134589138324
135.29802302773632
135.50024898078524
136.00418320076574
136.1886927571591
136.59587417941094
136.75652821088224
136.82349224651597
136.94076618301952
137.4868660110027
137.75335846825337
137.98414379282954
138.41417236792728
138.42266209083817
138.90102486520175
139.48901964314413
139.51308573371045
139.7797605214287
140.01376798703916
140.01594207440854
140.85853690931143
141.27984126516245
141.51114695260932
141.62749741043564
141.62951339997147
141.73636154873677
142.05406877013235
142.48264050057128
142.78057402532545
143.0595580613437
143.24802449194928
143.30915974427185
143.37559443745602
143.5456275508884
144.67350083785982
144.84876951784224
144.8742013608403
145.00740270213493
145.17704357112686
145.55762148074533
146.521305204009
146.56329410220388
146.72089800628183
146.82964025205945
146.9801541787275
147.56720510159863
148.1624784863183
148.48834080535002
148.79202411475697
149.54206885112592
149.82630111335789
150.2787461676017
150.60300841704583
150.62366184321715
151.54379155655008
151.83063515932594
152.1334974750858
152.43250586202348
153.30193359105894
153.39567974298907
153.97538563791818
154.26120103650254
154.71637518057082
155.07365265964737
155.28467243253777
155.62711321566488
155.81784151664692
156.10654453783044
156.78461307779838
156.95067071652733
157.11171629136243
157.68555133904732
157.9578060828055
158.8126431806139
158.96872205383858
159.48784148808545
159.6007743807058
159.81699558149307
160.77248684228965
161.31424127551767
161.4222039353479
161.53794303033797
161.68567705860917
161.7309414605499
162.5231129665176
162.72494042310026
163.13730227583358
163.28344179283553
163.3056906249672
163.4873204481584
163.55655649759345
164.30032868465204
164.71892575495804
164.95223819743535
165.19424945396466
165.4362176135005
165.4596251189691
166.07100320151844
166.71713160378312
166.76022811676256
167.08807271486978
167.31626049355336
167.4427401949103
167.54341445113053
167.84924662795896
168.5807582129905
168.73471681668815
168.98470521376444
169.20340474129742
169.42856078924746
169.61033013636583
170.39378156309294
170.7563255580752
170.88759996810572
171.09067878134948
171.38710389040781
171.43837773135235
171.6475989608958
171.6954146736716
172.21107996833783
172.79136267602766
172.79352181354392
172.98281517573463
173.14613502490027
173.4236497570821
174.04632354885183
174.70451705704804
174.91530787514003
175.4256266707202
175.78968666328362
175.87853327752768
176.70751436687544
176.7711727835282
176.8756577069589
177.42699192445673
177.72870191370166
178.44749860195105
178.54259391231292
178.666691979135
178.9133971421806
179.40990177665648
179.5944649243947
179.90411536843519
180.22729199098768
180.47011050131619
180.56172179142675
180.9500097417388
181.45848960961652
181.87428727193893
181.9936594830228
182.40395431535308
182.45824350297022
182.97729092229193
183.3951495889331
183.7867918832546
184.07381223914027
184.3409575174842
184.3509296589038
184.97977978125851
185.24448241471507
185.38426580191148
185.57044521978332
186.24650618317276
186.28620770490807
186.98036381961217
186.99402828412695
187.1400565574266
187.37291815687803
187.38656861989992
188.13968672850467
188.23658675551786
188.29559445772708
188.98238433310846
189.05487644305663
189.18168332692284
189.38043127473176
190.03749159489868
190.19334019563252
190.96701275117223
190.99496194677306
191.39476861535434
191.79037028856442
191.93521756787692
192.1577887658093
192.57689433292936
192.8260147074225
192.88094918882754
192.95037914710915
193.41932596156283
193.83816831343808
194.12859714965367
194.64738056533406
194.7946952411994
194.9455099674988
195.46232078739348
195.74465654830166
196.10675688343161
196.28103776627398
196.4876007533265
196.7047482145046
196.96001912790763
197.52679330085553
197.65539746529163
198.09244341312515
198.32320645479888
198.6112298346539
198.92757286380737
199.5724190191735
199.6122882879018
200.08557978816893
200.16672358717122
200.57944898221373
200.921943666917
201.519607092664
201.71829379008568
202.01835746686803
202.08668596606333
202.41769537419944
202.93918858701284
203.4196702847867
203.84390364512964
203.86590662111456
204.09559179337816
204.31979983083707
204.7727939556836
204.94418759316005
205.35021971541912
205.72493488886383
205.98540338895185
206.11173679680536
206.22367672997203
206.32651559471967
206.9584397046592
207.2853554029938
207.5830315747403
207.9968933458642
208.14376860236294
208.90675649955605
208.98410286452645
209.22465481741426
209.4455331182962
210.0321479828236
210.16261778206623
210.3109967659461
211.0037241440973
211.16646581902904
211.3768682839431
211.93956304818224
212.19631147056944
212.49110904435102
213.02331982203106
213.03534566745253
213.18308111605836
213.85016476741154
214.2336809675895
214.66894108373063
214.95303303991975
215.0647284447478
215.7660251022307
216.27497867544747
216.56289038916998
216.85869659913948
216.93365339954352
217.09320531515988
217.16876263671185
217.68499062211214
218.31924671416718
218.80542028380322
218.9621086343174
219.02957683070554
219.1322204334399
219.62007301441642
220.3667931664617
220.68200992140038
220.91449640279964
221.16614758495783
221.21142140540158
221.39783603535292
221.55336714476636
221.73450401699336
222.41656191188167
222.55489663028615
222.86795035492844
223.21161550054916
223.36008240305694
223.5167190592122
224.42306510338423
224.4795057196393
224.8213027986016
225.25680536532704
225.47803794456766
225.76333423117018
226.29355340488192
226.52376535243408
226.78313210196617
227.3014982443325
227.47579806259938
227.63071972573397
228.15435326841282
228.57980645155507
228.72512485948093
229.3560135157481
229.47803526173018
229.74768410866517
230.01307758641883
230.30254062548715
230.6385626924813
230.67436914287956
231.40131726352004
231.510487480945
231.65947668047227
231.8243510677242
231.87113955177958
232.62149375016145
232.69659365758827
233.46090623756123
233.56301709092915
233.71437456089583
233.89129718180175
234.56596755140743
234.75713483964722
235.079789689334
235.51102154917976
235.62936906092065
235.93652893263243
236.34919357106696
236.50652186118276
236.8162120809938
237.3952198715439
237.56804562938373
237.73698307727193
237.95045580266503
238.4445019916563
238.87616502341046
239.2234392552915
239.62363041633665
239.84032338554255
239.96995400780327
240.21718626860604
240.3775284008908
240.86268467761315
240.93582543942154
241.05194327647607
241.6778327689692
241.94729453327398
242.3070182506354
242.85872383048738
242.99396944080502
243.7383389562778
243.92262479886335
244.13186173763702
244.23152085121484
244.67125172794755
245.0517674000566
245.24017211560854
245.71609117554237
245.78636857189963
245.89814477090601
246.1517775673854
246.28595579744479
246.47342260236493
247.1075759291253
247.83764982307952
247.8436267046119
248.0676983550702
248.26704569697586
248.4690233981883
249.16209605309382
249.55450312274826
249.78333110442702
249.88080250654286
250.06351920075525
250.64098424356192
251.21539050629784
251.25935739612223
251.3665746146272
251.72557042735957
251.84527645729554
252.8421428793651
253.26663337140243
253.6341548529837
253.6502385382733
253.7899234984277
253.90435658728742
255.0502520568358
255.316830843881
255.4349996980306
255.55064536404967
255.6911861320895
255.9815238562366
257.013298325625
257.2363914120924
257.2486896261621
257.3666314599531
257.589287244091
257.9756781004742
258.3986727305543
258.5880448329496
259.0385736938858
259.35099651651376
259.4844843013851
259.49560563867135
259.9886010932278
260.83331414369263
261.25478683203113
261.37821622173055
261.4695350899191
261.71848799752667
261.96910201864455
262.6430218480311
262.6613925760356
263.0997222864311
263.1585551589497
263.2707965804436
263.5240430923119
263.93678476648705
263.96991206693616
264.47227223891673
265.0358977325027
265.16180019112994
265.5819001059622
265.9070537386063
266.2342295074901
266.29478822397147
266.9309745534307
267.05092201011894
267.6418932375392
267.8369664102768
268.144898595109
268.20672155529775
268.48669573624784
268.8226824874025
268.92957227007287
269.70670958019946
269.79664299543373
269.967497592576
270.69090986668465
270.8028951229169
270.8279076167267
271.7217229321109
271.776095607435
272.5794113864917
272.65030284973676
273.0901554354432
273.63877554466535
273.64857283687786
273.84899277607434
274.4612431651741
274.6021791603713
275.4259571423021
275.5250578871802
275.9299464141914
276.33261151828464
276.48948838994806
277.1407176460307
277.40511716869946
277.7569340479773
278.01441103923065
278.2243866043382
278.37590541642
278.9579667739486
279.257402000547
279.38182940653604
280.09399763462557
280.26199693211873
281.142511202185
281.26721401098393
281.41433952317186
281.9971537263867
282.1469877341592
282.1957825597932
282.4396488537491
283.00121568224546
283.17626870660484
283.88905618434427
284.02875332520824
284.26626563287016
284.77160888804883
284.877544847869
285.0609408178724
285.5755769838545
285.77168310025843
285.91016323697204
286.3696079122791
286.7474992199992
286.95073301293587
287.1085926666052
287.65010702193285
287.7867125211756
288.44674389680904
288.61694494648975
288.82979161134926
289.42730097926875
289.66071575554747
289.71909979433303
290.4867661183855
290.5142703336792
290.70428106695977
291.39317964645556
291.52891310761436
291.7282885333695
292.34843318675985
292.57115957852886
292.5734869107041
293.2552663526738
293.39368031022167
293.9618300560331
294.0102310068986
294.21814003146545
294.42997419662476
294.61561029963093
295.1084330878505
295.2527973646401
295.4350767952035
296.07252884980574
296.270511039859
296.2862199840271
296.645981427122
296.9541282071806
297.10674317818126
297.93525519121494
298.1258266034963
298.3386691241523
298.50648035843756
298.6618053582183
298.7899866770459
298.9552551168645
299.7936567279966
299.9667501757277
300.12676645448613
300.6162437830863
300.79711971109447
301.4335942686408
301.6356457639574
301.7941204870895
302.4331589957894
302.63405453611506
302.65052501481944
302.9041287711061
302.9138336923045
303.4856641414041
303.6127092888079
304.2395968496102
304.4517404004554
304.6229564127577
305.0842984899413
305.32712113049365
306.0381719925401
306.2898153173531
306.5811481711617
307.1767272197544
307.22845716009954
307.6629323448809
307.6839638379495
307.8303218411109
308.1102414743899
308.52739291272894
309.0176761046143
309.3684007896103
309.60277347325126
309.92476879551634
310.46163455621434
310.8002845334163
311.3718538989242
311.4864275603762
311.7339760866159
312.3831071260929
312.56934412953154
313.139101363302
313.5370137768519
313.57603434174825
313.9780002996904
314.2933014928964
314.3515829366467
314.53969855329274
314.88716303969437
315.3345287206007
315.6840840907812
316.09096521454853
316.1958168252224
316.3765891873432
316.618663698824
317.12576871696234
317.77269310922264
317.83405986504624
318.0862080780674
318.2119119937213
318.3490801300747
318.91031841877526
319.58975129697404
319.82964321152406
319.9650642569633
320.0377573984839
320.08033248114793
320.68771587257675
321.150878170968
321.30096754391866
321.7684515957563
321.86142608104177
321.9249145874577
322.45856313924855
323.0262100615035
323.4532852545836
323.68318539453526
323.70018436417496
324.0024537746911
324.22309958141943
324.73002142649386
325.1410938444829
325.50311690819063
325.55193897211177
325.98195343165384
326.04547562016626
326.42771839094314
326.81387371621327
327.3219919210626
327.3982371945336
327.7347788847238
327.9666014906129
328.1170052323328
328.1353301360526
328.4670131825163
329.1440678482953
329.2386861774481
329.48332663696556
329.7949010190994
330.1271476097168
330.9708371968982
331.0703475352643
331.22785944054596
331.4619821927853
331.7921960209857
331.8961449331665
332.22228920243924
332.6050246634211
332.80106639257724
332.89573756894293
332.9680535206648
333.1196888555485
333.42873917007125
334.2767326892927
334.6301680977517
334.7147515246686
334.76942621895154
335.0687224271336
335.89729405587013
336.293391813488
336.4071515899046
336.52429582531335
336.71469774815125
336.9767198922047
337.47993008018625
338.0402761362308
338.1654627713384
338.294439045928
338.3074148464277
338.60187235001126
339.66552293402566
339.89129458718577
339.97878522643265
340.119679098837
340.1511661423695
340.290886237858
341.12598909659283
341.2795736990157
341.6082797375236
341.61564532321745
341.90230354314576
341.99796231424745
342.2532055684401
342.8960095084897
342.9257399487923
343.2377493972773
343.33539636864714
343.6755509256208
343.8435957167748
344.20320241058363
344.50024668442137
344.85467117824635
345.05557485919013
345.43916911878694
345.6947103991325
346.1054182383599
346.13193527605654
346.4729784058777
346.7701987576855
347.1915283945388
347.53736181671655
347.7060296372551
348.02826878577434
348.28359155883226
348.48572811634494
348.9301052201824
348.9344538044248
349.30089731320373
349.7077381825664
349.91190381445665
350.19611897598975
350.6674290098638
350.9051160445545
351.2226733997539
351.3211086362318
351.7675664915631
351.90764876986367
352.39004911928265
352.49443508294985
352.68654474275013
352.9380948750722
353.0712250554555
353.59313620188834
353.61608526765804
354.10189406020334
354.10262823041666
354.5522900393344
354.8895091529099
355.3224472559262
355.405802308072
355.69970338637984
355.80537513320377
356.16388906613486
356.4179170186057
356.7226320111395
357.02745727733975
357.1898506546162
357.30538824958427
357.4984321152634
357.7804796283885
358.5198279026789
358.72852441480313
358.9145400715664
358.9456275609518
359.1822767807724
359.40028930877537
